51.24
48.92
62.15
45.33
55.78
49.12
53.45
42.10
58.89
50.05
47.34
52.67
60.12
44.56
51.89
49.23
54.71
46.33
50.12
53.45
48.78
52.11
59.45
43.22
55.67
47.89
51.12
54.34
46.56
50.89
52.23
48.45
53.12
61.45
42.34
56.78
49.89
51.56
54.23
45.78
50.34
52.56
47.12
53.89
58.23
44.67
54.12
48.34
51.78
53.45
46.89
50.12
52.34
49.56
55.12
57.89
43.67
53.23
48.12
51.45
54.78
46.23
50.56
52.89
47.45
56.12
59.78
42.56
53.89
48.67
51.23
54.56
45.89
50.12
52.45
49.78
55.45
58.12
44.34
52.67
48.89
51.56
53.23
46.45
50.78
52.12
47.78
54.45
60.56
43.89
55.23
49.34
51.89
53.12
45.23
50.67
52.91
47.56
54.23
51.05